140321242765852672
140378494394826752
135288293548883969
113429809140375552
134575143593836544
119184972782370816
140707547634991104
141329762625912832
136107769680887808
144274736631775242
143063249829494784
123492115719258112
144868919226662912
145579551433424896
119482224713269248
143733058187558912
145372448001359873
122799778491793411
137904252214444032
147531923277873152
149270364206137345
119184325219581952
135251434445733888
144234166320496640
138494782631575552
149841086351671296
150376112944447488
143091251221102592
106469383206883328
147224567658708992
152037375890030592
147463276840747008
103559217914318848
98275794752667648
149194935453745152
152985863754743808
104976661711179776
130758749550804992
147119665603280896
85614143951892480
153676433661624320
152691313123393536
146187825421877248
153861216341590017
154021269627469824
149964242378817536
137233875729514497
123548807614038017
104065739022950400
156206130467438592
148716457323266048
136510335967297536
136970101512470528
132767037222158336
152413500919119875
152172984373608449
143340869108367360
157745292131827712
157912198331498496
157914012892397568
157791380360527873
148458125136101376
155434643297009664
158211289762496512
158174948488118272
155912712461877249
156328856867831808
151632659125108736
133952066933489664
136787569949016064
153613756348366849
140809377568391168
158258539566071809
86832903631167488
151018674793349121
142788658464817152
155134636509364233
159613543518437376
159133099806949376
159985870458322944
158447610892517376
134727236615012354
134755682170699776
133718676741292033
123954371300950019
158840394891788288
161151614797742080
113724904636940295
107432244301295616
158366602679549952
153760793949765633
139111313363173378
156344545133592576
161152786959040512
160806243466870785
161858941737762816
113370376033087488
129530080971063296
160798138565787648
146829751900831744
104867073343127552
103029169671122944
77714862305714176
110407893504782336
80413249060741120
94385924128899072
107810307161718784
81026656365453312
114860297281339400
109379894718234624
104948481210224640
109264024943763456
111573912504033280
110025001637277696
80528701850124288
105443162155143168
103854326186807296
110461233387307008
112540901129076736
111273443692937216
112592601865072640
80397810624626688
111424758314213376
112615849566744576
109247262315515904
87892154965319680
113273349920071680
103904748394000384
112873379555508224
86826219068219392
112989540821528576
92539178302058496
113287931145228288
113276551147053056
111225804930686976
115077329541136389
112684233302011904
115385224119975941
114524207836037123
94129005791281152
115571769166921732
103607047383166976
116364093924835331
115539250212110339
104796169275764736
114829087960203267
116275390695079945
111761808640978944
115659387414118404
108626635623796736
109338686889476096
118502083329654789
118640304042541056
119174277298782216
108863540437204992
119777021319577610
116201946062389250
109692210231926784
122289191185809409
110338227734335488
121660150821027841
120923487467470848
123270119609729025
80967586388389888
110462073074388992
125132236382142464
115212820152451078
128945127061192704
116660532269809665
119203006276304899
113877103514091522
121819571836551168
125367104336691200
81726071573061632
110471434148544512
111506434193162240
131971101906567169
131607467669979136
115233618997149700
127296623779774464
107432244301295616
131195782404505600
131501906957697025
126858927219408897
133159081929211904
133689547165794313
133050016314032129
132347121520214016
132764180225720321
105309315895693312
113942644547256323
81952315614965760
138444048821256192
137982928222289928
136870072240046080
139622151417233408
